211;4010172;126091
211;4019599;141010
211;4036586;96098
211;4042276;238279
211;4043788;108339
211;4045663;74381
211;4046718;101211
211;4053534;160995
211;4057166;119549
211;4060346;126452
211;4061663;214459
211;4082767;118071
211;4092233;203033
211;4094868;119174
211;4104720;129075
211;4106526;149589
211;4112363;156933
211;4112405;113433
211;4113099;184866
211;4117271;140806
211;4122383;160932
211;4123466;172516
211;4135567;155555
211;4136004;156671
211;4142171;185881
211;4151861;162017
211;4166618;132026
211;4184826;119754
211;4192904;175111
211;4197081;161336
211;4201973;184184
211;4204264;108713
211;4209421;188541
211;4209524;93470
211;4211663;162792
211;4227455;168900
211;4243183;149182
211;4246206;208557
211;4247697;143586
211;4250643;138711
211;4255903;98079
211;4256796;165883
211;4266016;148779
211;4268020;145904
211;4277243;115327
211;4286440;169891
211;4294880;97452
211;4295590;179648
211;4300302;186976
211;4302502;162045
211;4307343;173042
211;4312117;123470
211;4321795;219531
211;4325251;136761
211;4330653;129397
211;4340764;187365
211;4350045;116008
211;4357738;90206
211;4358661;120416
211;4366079;181618
211;4370992;127260
211;4378617;120797
211;4401816;140247
211;4403539;187200
211;4408599;98207
211;4412611;162693
211;4415412;120859
211;4428568;142170
211;4431450;187786
211;4444484;180383
211;4448133;147028
211;4453561;153185
211;4467440;136997
211;4469732;143881
211;4470862;144695
211;4471526;162682
211;4473656;150238
211;4475670;108626
211;4485644;146366
211;4505297;194296
211;4511932;167321
211;4516424;146184
211;4519830;125024
211;4520322;168893
211;4522735;180524
211;4523331;115859
211;4523500;134988
211;4524748;184018
211;4526427;155846
211;4532522;179626
211;4535724;132728
211;4541475;228170
211;4548851;171415
211;4572926;58468
211;4574105;138353
211;4586107;83587
211;4592645;165478
211;4597702;150764
211;4602332;154173
211;4605149;168501
211;4608677;107510
211;4611739;110308
211;4613804;195997
211;4616652;136962
211;4632150;142661
211;4640021;145173
211;4644196;208833
211;4649013;183481
211;4651191;167127
211;4651339;106439
211;4665129;162047
211;4666655;187312
211;4673465;172045
211;4700222;156809
211;4725133;145552
211;4732277;129596
211;4734330;158308
211;4736204;123566
211;4738043;225032
211;4738271;146727
211;4742309;136916
211;4743470;159137
211;4748462;131707
211;4753693;173422
211;4758493;155961
211;4759728;143895
211;4766980;173614
211;4769575;166889
211;4772064;161329
211;4779349;190588
211;4791249;108978
211;4793521;191472
211;4795245;121388
211;4795483;136102
211;4795803;114544
211;4796458;134663
211;4801506;132123
211;4814408;175323
211;4815981;145923
211;4816695;178601
211;4825387;139564
211;4826476;168293
211;4841550;149888
211;4842737;167480
211;4852295;141426
211;4871938;149055
211;4872447;173496
211;4874281;68266
211;4886949;103780
211;4895098;168368
211;4896456;148813
211;4898742;200181
211;4899931;150306
211;4901655;135989
211;4906814;126932
211;4913362;184536
211;4914139;194446
211;4915031;132654
211;4917024;151527
211;4923670;156925
211;4928109;193078
211;4934612;88628
211;4939577;109164
211;4946412;152012
211;4946663;144179
211;4972319;218708
211;4972861;141916
211;4976485;131054
211;4988185;148541
211;4992639;129700
211;4992879;146230
211;4994923;145789
360;4010172;41957
360;4011578;91206
360;4018074;48115
360;4019599;46136
360;4029868;89755
360;4036586;37403
360;4041384;59748
360;4042276;45607
360;4043788;62712
360;4045663;28285
360;4046718;30566
360;4052122;90668
360;4053534;17300
360;4057166;50653
360;4060346;33309
360;4061663;39142
360;4078621;96415
360;4082767;37011
360;4087560;127070
360;4092233;43323
360;4094868;44455
360;4095799;75264
360;4104720;30601
360;4106526;60942
360;4112363;47867
360;4112405;48807
360;4113099;42205
360;4117271;20507
360;4121270;83458
360;4122383;28078
360;4123466;51128
360;4135567;11369
360;4136004;31147
360;4140885;77422
360;4142171;32081
360;4151861;9950
360;4159959;57478
360;4166618;26025
360;4184826;60705
360;4192904;51440
360;4197081;26885
360;4201973;59798
360;4204264;33885
360;4209421;26944
360;4209524;43608
360;4211663;21043
360;4212397;49360
360;4220926;66486
360;4221656;65070
360;4227455;54675
360;4230999;76772
360;4238012;84332
360;4243183;29246
360;4246206;24754
360;4247697;12525
360;4250643;36298
360;4255903;40801
360;4256693;18480
360;4256796;26047
360;4262753;59712
360;4266016;31590
360;4268020;45266
360;4273421;78738
360;4276495;94603
360;4277243;30036
360;4280821;57736
360;4283917;92243
360;4286440;22851
360;4291847;43031
360;4294880;30161
360;4295590;25624
360;4296623;85390
360;4299766;79893
360;4300302;24070
360;4302502;48223
360;4305308;100365
360;4306675;63874
360;4307343;34891
360;4312117;43056
360;4315330;36118
360;4321273;60804
360;4321795;34659
360;4324565;81631
360;4325251;46363
360;4330591;78407
360;4330653;27085
360;4333643;52392
360;4340764;54714
360;4345766;88177
360;4350045;44528
360;4357738;9044
360;4358661;10119
360;4366079;55996
360;4370992;18864
360;4378617;42189
360;4379033;70276
360;4401816;23223
360;4403539;21566
360;4408599;27183
360;4412611;8229
360;4415412;64774
360;4428568;57891
360;4429136;60497
360;4431327;85136
360;4431450;45467
360;4436617;56230
360;4444484;24033
360;4445090;75043
360;4448133;50579
360;4453561;23186
360;4458786;52072
360;4465359;49125
360;4467440;31399
360;4469732;28886
360;4470862;67785
360;4471526;40228
360;4473656;26096
360;4475670;40193
360;4483251;118728
360;4485644;25580
360;4505297;24443
360;4511932;39598
360;4516424;37630
360;4519830;33329
360;4520322;50860
360;4522735;34095
360;4523331;56941
360;4523500;25294
360;4524748;3682
360;4526427;29427
360;4532522;59256
360;4535724;20556
360;4541475;21346
360;4548851;48988
360;4553131;53607
360;4559414;105929
360;4572926;26527
360;4574105;52420
360;4580228;73578
360;4586107;23502
360;4592645;47692
360;4597702;30722
360;4602314;68560
360;4602332;44023
360;4605149;25458
360;4608677;76192
360;4611739;35121
360;4613804;50294
360;4614964;57892
360;4616652;32452
360;4632150;30259
360;4640021;39259
360;4644196;59228
360;4649013;33011
360;4651191;50022
360;4651339;37893
360;4654329;81893
360;4665129;15920
360;4666655;34701
360;4673465;22713
360;4694457;81809
360;4696382;85786
360;4700222;51944
360;4700423;81177
360;4701808;105147
360;4712455;34611
360;4725133;44020
360;4732277;22989
360;4732943;48577
360;4734330;37644
360;4735080;85081
360;4736204;47514
360;4738043;35897
360;4738271;82063
360;4742309;46172
360;4743470;62180
360;4743523;40580
360;4746083;121444
360;4748462;35680
360;4753693;5253
360;4758493;15478
360;4759728;26799
360;4766980;41156
360;4769575;15832
360;4772064;43475
360;4779349;52111
360;4791249;20853
360;4793521;19068
360;4795245;21514
360;4795483;25041
360;4795803;20383
360;4796458;55837
360;4801506;32780
360;4814408;67152
360;4815981;49420
360;4816695;21654
360;4823089;108104
360;4825387;26672
360;4826476;45777
360;4834313;98205
360;4841550;15841
360;4842737;46296
360;4852295;43760
360;4867933;86896
360;4871938;50681
360;4872447;70841
360;4874281;41203
360;4886949;51968
360;4895098;43906
360;4896456;65065
360;4898742;40826
360;4899604;59764
360;4899931;32337
360;4901655;21368
360;4904126;62775
360;4906814;10073
360;4909499;93555
360;4910569;61517
360;4913362;30678
360;4914139;64207
360;4915031;24774
360;4917024;23891
360;4919734;79288
360;4923670;23225
360;4928109;41190
360;4934612;9517
360;4939577;22320
360;4946412;51266
360;4946663;37134
360;4962453;50646
360;4965443;69123
360;4972319;43219
360;4972861;48361
360;4976485;31950
360;4985256;93145
360;4988185;31606
360;4992639;24980
360;4992879;26800
360;4994923;29623
360;4999114;42140
410;4010172;243507
410;4019599;144776
410;4036586;184824
410;4042276;167310
410;4043788;178344
410;4045663;185036
410;4046718;192211
410;4053534;281825
410;4057166;245514
410;4060346;225243
410;4061663;145489
410;4082767;256713
410;4092233;164114
410;4094868;239154
410;4104720;266853
410;4106526;228761
410;4112363;176072
410;4112405;262972
410;4113099;211802
410;4117271;182902
410;4122383;179446
410;4123466;183679
410;4135567;197353
410;4136004;202504
410;4142171;152698
410;4151861;287551
410;4166618;206111
410;4184826;278556
410;4192904;183280
410;4197081;170323
410;4201973;232722
410;4204264;177737
410;4209421;221298
410;4209524;242150
410;4211663;200217
410;4227455;221949
410;4243183;222527
410;4246206;160934
410;4247697;180488
410;4250643;172294
410;4255903;194552
410;4256796;253960
410;4266016;161940
410;4268020;214496
410;4277243;213258
410;4286440;234093
410;4294880;186049
410;4295590;213507
410;4300302;196057
410;4302502;319966
410;4307343;296238
410;4312117;215320
410;4321795;220774
410;4325251;201005
410;4330653;261045
410;4340764;232478
410;4350045;229062
410;4357738;243339
410;4358661;125731
410;4366079;187279
410;4370992;209028
410;4378617;234601
410;4401816;260392
410;4403539;223875
410;4408599;183554
410;4412611;204744
410;4415412;160019
410;4428568;237298
410;4431450;235429
410;4444484;187972
410;4448133;162530
410;4453561;219277
410;4467440;173247
410;4469732;234777
410;4470862;186487
410;4471526;275832
410;4473656;164587
410;4475670;162913
410;4485644;234858
410;4505297;230894
410;4511932;192173
410;4516424;225840
410;4519830;154954
410;4520322;165789
410;4522735;173039
410;4523331;226307
410;4523500;211530
410;4524748;183723
410;4526427;173643
410;4532522;168188
410;4535724;230836
410;4541475;188935
410;4548851;258739
410;4572926;215159
410;4574105;183391
410;4586107;154758
410;4592645;222575
410;4597702;182621
410;4602332;211774
410;4605149;181334
410;4608677;163337
410;4611739;167513
410;4613804;217418
410;4616652;258594
410;4632150;218571
410;4640021;169833
410;4644196;208846
410;4649013;273838
410;4651191;163130
410;4651339;142176
410;4665129;188798
410;4666655;201272
410;4673465;168257
410;4700222;182454
410;4725133;132094
410;4732277;180354
410;4734330;197855
410;4736204;223634
410;4738043;193701
410;4738271;201734
410;4742309;167376
410;4743470;239387
410;4748462;295090
410;4753693;197290
410;4758493;216332
410;4759728;218778
410;4766980;199438
410;4769575;187133
410;4772064;169894
410;4779349;232357
410;4791249;244599
410;4793521;222596
410;4795245;226989
410;4795483;192598
410;4795803;225017
410;4796458;190668
410;4801506;212571
410;4814408;263799
410;4815981;203839
410;4816695;215141
410;4825387;202294
410;4826476;224927
410;4841550;138381
410;4842737;177159
410;4852295;196996
410;4871938;159393
410;4872447;186598
410;4874281;210768
410;4886949;169336
410;4895098;299339
410;4896456;278895
410;4898742;174805
410;4899931;165760
410;4901655;255888
410;4906814;250122
410;4913362;209208
410;4914139;267303
410;4915031;205171
410;4917024;247812
410;4923670;218712
410;4928109;196471
410;4934612;212637
410;4939577;275298
410;4946412;217722
410;4946663;272176
410;4972319;207162
410;4972861;127186
410;4976485;194173
410;4988185;206546
410;4992639;152519
410;4992879;117278
410;4994923;236097
